vertex_num: 58
0 467 484 1
cross road
none
1 486 664 1
zhier
none
2 558 660 0
3 570 814 0
4 445 845 0
5 350 745 1
west gate
gate
6 261 653 0
7 113 483 0
8 186 350 0
9 287 218 0
10 390 146 0
11 504 81 1
north gate
main
12 324 595 1
middle gate
gate
13 298 567 0
14 241 590 0
15 164 516 0
16 163 447 1
engineering college
engineering college
17 210 357 0
18 262 283 0
19 336 224 0
20 456 185 0
21 515 169 0
22 624 194 0
23 604 257 1
teaching building
have class
24 561 367 0
25 511 377 1
library
read books
26 438 381 0
27 373 416 1
swimming pool
watch beauty
28 313 482 0
29 334 584 1
tunnel
go across road
30 395 660 0
31 635 164 1
super computer
compute
32 604 113 1
sdcs
our main building
33 665 117 0
34 674 141 0
35 524 117 0
36 507 446 1
gym
change the boss
37 526 402 0
38 577 406 1
playground
do you like what you see?
39 536 332 0
40 500 298 0
41 504 236 1
sun-yat sen
our school name
42 444 238 0
43 406 266 1
arts course
lady
44 322 349 0
45 268 389 1
north experiment center
do exp
46 215 434 1
engineering college
engineering college
47 234 466 0
48 341 380 0
49 349 424 1
south experiment center
do exp
50 428 691 0
51 455 679 1
canteen
have lunch
52 478 739 0
53 529 748 1
zhishan
sleep
54 447 776 1
shensi
sleep
55 357 658 1
dongyuan
sleep
56 448 580 1
mingde
sleep
57 450 636 0
edge_num: 90edge_list(vertex1,vertex2,weight,pavement?driveway?): 

32 35 80 0 1
35 11 41 0 1
11 10 131 0 1
10 9 125 0 1
9 8 166 0 1
8 7 151 0 1
36 6 321 0 1
6 7 225 0 1
6 5 128 0 1
5 4 137 0 1
4 3 128 0 1
3 2 154 0 1
2 1 72 0 1
1 0 181 0 1
0 12 181 0 1
12 13 38 0 1
13 14 61 0 1
14 15 106 0 1
15 16 69 0 1
16 17 101 0 1
17 18 90 0 1
18 19 94 0 1
19 20 126 0 1
20 21 61 0 1
21 35 52 0 1
21 22 111 0 1
22 31 31 0 1
31 34 45 0 1
34 33 25 0 1
33 32 61 0 1
32 31 59 0 1
22 23 66 0 1
23 24 118 0 1
24 25 50 0 1
25 26 73 0 1
26 27 73 0 1
27 28 89 0 1
28 13 86 0 1
28 29 104 0 1
29 30 97 0 1
30 12 96 0 1
0 36 55 1 0
37 37 0 0 1
38 37 51 1 0
37 36 47 1 0
37 25 29 1 0
25 39 51 1 0
39 40 49 1 0
40 41 62 1 0
41 21 67 1 0
23 41 102 1 0
41 42 60 1 0
42 43 47 1 0
43 44 118 1 0
44 45 67 1 0
45 46 69 1 0
46 47 37 1 0
48 47 137 1 0
48 49 44 1 0
48 44 36 1 0
49 28 68 1 0
28 29 104 1 0
29 30 97 1 0
30 50 45 1 0
1 51 34 1 0
51 50 29 1 0
1 0 181 1 0
1 52 75 1 0
52 50 69 1 0
53 52 51 1 0
52 54 48 1 0
30 55 38 1 0
50 5 94 1 0
1 57 45 1 0
57 56 56 1 0
56 0 97 1 0
25 24 50 1 0
24 23 118 1 0
23 22 66 1 0
22 31 31 1 0
31 32 59 1 0
32 33 61 1 0
33 34 25 1 0
34 31 45 1 0
32 35 80 1 0
35 21 52 1 0
21 41 67 1 0
41 23 102 1 0
41 20 70 1 0
13 47 119 1 0
