point info 49
0 489.0 665.0
1 468.0 486.0
2 415.0 511.0
3 378.0 543.0
4 325.0 593.0
5 299.0 567.0
6 397.0 663.0
7 558.0 659.0
8 573.0 811.0
9 445.0 847.0
10 347.0 743.0
11 264.0 653.0
12 192.0 573.0
13 111.0 484.0
14 154.0 412.0
15 192.0 338.0
16 229.0 280.0
17 274.0 233.0
18 317.0 195.0
19 369.0 160.0
20 420.0 121.0
21 454.0 103.0
22 492.0 81.0
23 523.0 101.0
24 516.0 168.0
25 429.0 193.0
26 333.0 227.0
27 278.0 261.0
28 233.0 317.0
29 203.0 367.0
30 162.0 440.0
31 156.0 489.0
32 175.0 535.0
33 227.0 586.0
34 517.0 469.0
35 593.0 464.0
36 653.0 475.0
37 638.0 422.0
38 634.0 359.0
39 643.0 292.0
40 663.0 245.0
41 689.0 198.0
42 712.0 154.0
43 745.0 97.0
44 753.0 78.0
45 692.0 54.0
46 642.0 39.0
47 593.0 43.0
48 531.0 59.0
pair 52
1 2 58.60034129593445 0 1
2 3 48.91829923454004 0 1
3 4 72.86288492778748 0 1
4 5 36.76955262170047 0 1
5 33 74.46475676452586 0 1
33 32 72.83543093852057 0 1
32 31 49.76946855251722 0 1
31 30 49.36598018878993 0 1
30 29 83.72574275573791 0 1
29 28 58.309518948453004 0 1
28 27 71.84010022264724 0 1
27 26 64.66065264130884 0 1
26 25 101.84301645179212 0 1
25 24 90.52071586106685 0 1
24 23 67.36467917239716 0 1
23 22 36.89173349139343 0 1
22 21 43.9089968002003 0 1
21 34 371.3825520941984 0 1
21 20 38.47076812334269 0 1
20 19 64.20280367709809 0 1
19 18 62.68173577685928 0 1
18 17 57.38466694161429 0 1
17 16 65.06919393998976 0 1
16 15 68.79680225126747 0 1
15 14 83.18653737234169 0 1
14 13 83.86298349093002 0 1
13 12 120.34118164618461 0 1
12 11 107.62899237658968 0 1
11 4 85.56284240252891 0 1
11 10 122.42957159118053 0 1
10 9 142.89856542317 0 1
9 8 132.9661611087573 0 1
8 7 152.73833834371774 0 1
7 0 69.26037828369117 0 1
0 1 180.22763384120648 0 1
6 4 100.41912168506553 0 1
1 34 51.86520991955976 0 1
34 35 76.16429609731846 0 1
35 36 61.0 0 1
41 40 53.71219600798314 0 1
40 39 51.07837115648854 0 1
39 38 67.60177512462228 0 1
38 37 63.12685640834652 0 1
37 36 55.08175741568164 0 1
41 42 49.64876634922564 0 1
42 43 65.86349520030045 0 1
44 43 20.615528128088304 0 1
22 48 44.77722635447622 0 1
48 47 64.03124237432849 0 1
47 46 49.16299421312742 0 1
46 45 52.20153254455275 0 1
45 44 65.55150646628954 0 1
